Sub913443
Sub913442
Sub913441
204089962
203958939
203958939
203958939
203878319
203487569
203487569
203007481
201647381
201647381
201647381
201647381
201647381
201647381
201647381
201647381
201647381
201647381
201647381
201647381
201647381
201647381
201647381
201647381
201647381
201647381
201647381
201647381
201647381
201647381
201647381
201647381
201647381
201647381
201647381
201647381
201647381
201647381
201647381
201647381
201647381
201647381
201647381
201647381
201647381
201647381
201647381
201647381
201647381
201647381
201647381
201647381
201647381
201647381
201647381
201647381
201647381
201647381
201647381
201647381
201647381
201647381
201647381
201647381
201647381
201647381
201647381
201647381
201647381
201647381
201647381
201647381
201647381
201647381
201647381
201647381
201647381
201647381
201647381
201647381
201647381
201647381
201647381
201647381
201647381
201647381
201647381
201647381
201647381
201647381
201647381
201647381
201647381
201647381
201647381
201647381
201647381
201647381
201647381
201647381
201647381
201647381
201647381
201647381
201647381
201647381
201647381
201647381
201647381
201647381
201647381
201647381
201647381
201647381
201647381
201647381
201647381
201647381
201647381
201647381
201647381
201647381
201647381
201647381
201647381
201647381
201647381
201647381
201647381
201647381
201647381
201647381
201647381
201647381
201647381
201647381
201647381
201647381
201647381
201647381
201647381
201647381
201647381
201647381
201647381
201647381
201647381
201647381
201647381
201647381
201647381
201647381
201647381
201647381
201612600
203204925
